Case #1:
hi 32769
out
1000000000000001 
1000000000000001 3 2 5 2 7 2 3 2 7
hi 32770
out
hi 32771
out
1000000000000011 
1000000000000011 2 11 2 3 2 5 2 79 2
hi 32772
out
1000000000000100 
1000000000000100 2 5 2 3 2 3 2 7 2
hi 32773
out
1000000000000101 
1000000000000101 5 2 3 2 3 2 149 2 3
hi 32774
out
1000000000000110 
1000000000000110 3 3 3 3 3 3 3 3 3
hi 32775
out
1000000000000111 
1000000000000111 2 317 2 3 2 61 2 7 2
hi 32776
out
1000000000001000 
1000000000001000 2 5 2 37 2 3 2 5 2
hi 32777
out
1000000000001001 
1000000000001001 3 2 3 2 6263 2 3 2 3
hi 32778
out
1000000000001010 
1000000000001010 3 283 3 3 753737 3 3 503 3
hi 32779
out
